#time0row7[msb-lsb],time0row6[msb-lst],....,time0row0[msb-lst]#
#time1row7[msb-lsb],time1row6[msb-lst],....,time1row0[msb-lst]#
#................#
00000100010100000000000000000000
00100000010001010000000000000000
00000010000001000000000000000000
00000000001100000000010001010000
00000000000000110010000001000101
00000000000000000000001000000100
01001111111100000000000000110000
00000100111111110000000000000011
00000000010011110000000000000000
00000000000000000000000000000000
00000000000000000000000000000000
00000000000000000000000000000000
00000000000000000000000000000000
00000000000000000000000000000000
00000000000000000000000000000000
00000000000000000000000000000000
00000000000000000000000000000000
00000000000000000000000000000000
00000000000000000000000000000000
00000000000000000000000000000000
00000000000000000000000000000000
00000000000000000000000000000000
00000000000000000000000000000000
00000000000000000000000000000000
00000000000000000000000000000000
00000000000000000000000000000000
00000000000000000000000000000000
00000011010100000000000000000000
00000000001101010000000000000000
00000000000000110000000000000000
00000000010000000000001101010000
00000000000001000000000000110101
00000000000000000000000000000011
00000000000000000000000001000000
00000000000000000000000000000100
00000000000000000000000000000000
00000000000000000000000000000000
00110000000000000000000000000000
00000011000000000000000000000000
00000000000000000000000000000000
01000000000000000011000000000000
00000100000000000000001100000000
00000000000000000000000000000000
01100000000000000100000000000000
00000110000000000000010000000000
01000000000000000000000000000000
01010100000000000000000000000000
00000101010000000000000000000000
00100000000000000100000000000000
01000010000000000101010000000000
00000100001000000000010101000000
00000000000000000010000000000000
00000000000000000100001000000000
00000000000000000000010000100000
10011000100000000000000000000000
10111001100010000000000000000000
00001011100110000000000000000000
01000010011000001001100010000000
01110100001001101011100110001000
00000111010000100000101110011000
00000000011000000100001001100000
00000000000001100111010000100110
00000000000000000000011101000010
00000000000000000000000000000000
00000000000000000000000000000000
00000000000000000000000000000000
00000000000000000000000000000000
00000000000000000000000000000000
00000000000000000000000000000000
00000000000000000000000000000000
00000000000000000000000000000000
00000000000000000000000000000000
