#time0col7[msb-lsb],time0col6[msb-lst],....,time0col0[msb-lst]#
#time1col7[msb-lsb],time1col6[msb-lst],....,time1col0[msb-lst]#
#................#
00000000000000000000000000000000000000000000000000000000000000000000000000000000000000000000000000000000000000000000000000000000
00000000000000000000000000000000000000000000000000000000000000000000000000000000000000000000000000000000000000000000000000000000
00000000000000000000000000000000000000000000000000000000000000000000000000000000000000000000000000000000000000000000000000000000
00000000000000000000000000000000000000000000000000000000000000000000000000000000000000000000000000000000000000000000000000000000
00000000000000000000000000000000000000000000000000000000000000000000000000000000000000000000000000000000000000000000000000000000
00000000000000000000000000000000000000000000000000000000000000000000000000000000000000000000000000000000000000000000000000000000
00000000000000000000000000000000000000000000000000000000000000000000000000000000000000000000000000000000000000000000000000000000
00000000010000100000000000001011111111111101110011111111101011001111111111011100000000000001001000000000000000110000000000010001
00000000001101011111111111110101111111111101111011111111101100101111111111101011000000000000110100000000000001110000000000011001
00000000001110111111111111111111111111111100101011111111101100101111111111010110111111111101111000000000000100000000000000101001
00000000001101000000000000011101111111111101111011111111111000101111111111010101111111111111000000000000000110011111111111111111
00000000000000000000000000000000000000000000000000000000000000000000000000000000000000000000000000000000000000000000000000000000
00000000000000000000000000000000000000000000000000000000000000000000000000000000000000000000000000000000000000000000000000000000
00000000011101100000000000001100111111111100100011111111100010001111111111010101000000000100011000000000001000100000000000000000
00000000010000110000000000000010111111111101111011111111101100111111111111101000000000000010110000000000000000011111111111110001
00000000001100101111111111111001111111111100101111111111101101011111111111100000111111111110110011111111111101100000000000001001
00000000000110000000000000010000111111111110110011111111111101101111111111100111111111111111001000000000000000001111111111101010
00000000000000000000000000000000000000000000000000000000000000000000000000000000000000000000000000000000000000000000000000000000
00000000000000000000000000000000000000000000000000000000000000000000000000000000000000000000000000000000000000000000000000000000
00000000011101000000000000010111111111111101001011111111100111001111111111010110000000000100011100000000001111100000000000010001
00000000001100010000000000000100111111111110110011111111110011111111111111110010000000000010001000000000000110010000000000001101
00000000001011100000000000001110111111111110100011111111111000101111111111101010000000000000011000000000001011100000000000011100
00000000001000100000000000010101111111111111000011111111111101101111111111101001111111111111111100000000001000100000000000000111
00000000000000000000000000000000000000000000000000000000000000000000000000000000000000000000000000000000000000000000000000000000
00000000000000000000000000000000000000000000000000000000000000000000000000000000000000000000000000000000000000000000000000000000
00000000010111110000000000011111111111111101011011111111110010101111111111010000000000000001011100000000010011110000000000010011
00000000010001100000000000010001111111111110001011111111110100111111111111100000000000000001011100000000001101100000000000001100
00000000010000100000000000001111111111111101001011111111110011001111111111011011111111111111100100000000001100000000000000011101
00000000001110110000000000100100111111111110011011111111111011011111111111011001000000000000010000000000001101010000000000000101
00000000000000000000000000000000000000000000000000000000000000000000000000000000000000000000000000000000000000000000000000000000
00000000000000000000000000000000000000000000000000000000000000000000000000000000000000000000000000000000000000000000000000000000
00000000000000000000000000000000000000000000000000000000000000000000000000000000000000000000000000000000000000000000000000000000
00000000000000000000000000000000000000000000000000000000000000000000000000000000000000000000000000000000000000000000000000000000
00000000000000000000000000000000000000000000000000000000000000000000000000000000000000000000000000000000000000000000000000000000
00000000000000000000000000000000000000000000000000000000000000000000000000000000000000000000000000000000000000000000000000000000
00000000000000000000000000000000000000000000000000000000000000000000000000000000000000000000000000000000000000000000000000000000
00000000000000000000000000000000000000000000000000000000000000000000000000000000000000000000000000000000000000000000000000000000
00000000000000000000000000000000000000000000000000000000000000000000000000000000000000000000000000000000000000000000000000000000
00000000000000000000000000000000000000000000000000000000000000000000000000000000000000000000000000000000000000000000000000000000
00000000000000000000000000000000000000000000000000000000000000000000000000000000000000000000000000000000000000000000000000000000
00000000000000000000000000000000000000000000000000000000000000000000000000000000000000000000000000000000000000000000000000000000
00000000000000000000000000000000000000000000000000000000000000000000000000000000000000000000000000000000000000000000000000000000
00000000000000000000000000000000000000000000000000000000000000000000000000000000000000000000000000000000000000000000000000000000
11111111111010100000000000011100111111111111110011111111111110111111111111010011100000000000000000000000001010100000000000110111
11111111111011101111111111111001111111111111010000000000000100101111111111001110000000000000001000000000000110000000000000100101
11111111101001101111111111010110111111111100111000000000010101001111111111001100111111111111101100000000000111110000000000010010
11111111110000110000000000000111111111111110010100000000001001001111111111110110111111111111100100000000000111100000000000010011
00000000000000000000000000000000000000000000000000000000000000000000000000000000000000000000000000000000000000000000000000000000
00000000000000000000000000000000000000000000000000000000000000000000000000000000000000000000000000000000000000000000000000000000
00000000000001110000000000110001000000000000000111111111111000111111111110111111000000000000100100000000001011000000000001100000
00000000000101000000000000110001000000000000100011111111110111011111111111011101000000000001001100000000000110000000000000110001
11111111110010011111111111111001111111111101101000000000001011111111111111011000000000000001011000000000000100000000000000000110
11111111111001010000000000010101111111111111001100000000000010110000000000000111000000000000100100000000000011001111111111111010
00000000000000000000000000000000000000000000000000000000000000000000000000000000000000000000000000000000000000000000000000000000
00000000000000000000000000000000000000000000000000000000000000000000000000000000000000000000000000000000000000000000000000000000
11111111111110110000000000011100111111111111111111111111111100001111111111000010111111111111001000000000001011110000000001101100
00000000000000100000000000000111000000000000000011111111111110011111111111011111111111111111101100000000000100100000000000110001
11111111110101001111111111100100111111111110100000000000001010001111111111100100111111111110110000000000000100100000000000100110
11111111110111001111111111111001111111111111000000000000000110011111111111111001111111111111000100000000000100010000000000010110
00000000000000000000000000000000000000000000000000000000000000000000000000000000000000000000000000000000000000000000000000000000
00000000000000000000000000000000000000000000000000000000000000000000000000000000000000000000000000000000000000000000000000000000
11111111110010011111111111110010111111111110010100000000001010111111111111011011111111111110001100000000001010000000000001000011
11111111111000111111111111111001111111111111000100000000000110001111111111100010111111111110111000000000000111000000000000110010
11111111101101101111111111011101111111111101010000000000010000111111111111011001111111111111001100000000000101110000000000100100
11111111110011011000000000000000111111111110101100000000000111101111111111110110111111111110101000000000000111100000000000100111
00000000000000000000000000000000000000000000000000000000000000000000000000000000000000000000000000000000000000000000000000000000
00000000000000000000000000000000000000000000000000000000000000000000000000000000000000000000000000000000000000000000000000000000
00000000000000000000000000000000000000000000000000000000000000000000000000000000000000000000000000000000000000000000000000000000
00000000000000000000000000000000000000000000000000000000000000000000000000000000000000000000000000000000000000000000000000000000
00000000000000000000000000000000000000000000000000000000000000000000000000000000000000000000000000000000000000000000000000000000
00000000000000000000000000000000000000000000000000000000000000000000000000000000000000000000000000000000000000000000000000000000
00000000000000000000000000000000000000000000000000000000000000000000000000000000000000000000000000000000000000000000000000000000
00000000000000000000000000000000000000000000000000000000000000000000000000000000000000000000000000000000000000000000000000000000
00000000000000000000000000000000000000000000000000000000000000000000000000000000000000000000000000000000000000000000000000000000
00000000000000000000000000000000000000000000000000000000000000000000000000000000000000000000000000000000000000000000000000000000
00000000000000000000000000000000000000000000000000000000000000000000000000000000000000000000000000000000000000000000000000000000
00000000000000000000000000000000000000000000000000000000000000000000000000000000000000000000000000000000000000000000000000000000
00000000000000000000000000000000000000000000000000000000000000000000000000000000000000000000000000000000000000000000000000000000
00000000000000000000000000000000000000000000000000000000000000000000000000000000000000000000000000000000000000000000000000000000
00000000001100110000000000011100000000000000100011111111110011001111111111101011000000000000001011111111110010010000000000001011
00000000001101010000000000000111000000000000001011111111110110011111111111100110111111111111100111111111110011110000000000000011
00000000000101100000000000100100000000000000100011111111111101011111111110111110000000000001000111111111110001111111111111011001
11111111111110110000000000110111000000000000100111111111111110101111111111100100000000000000111111111111111011011111111111100110
00000000000000000000000000000000000000000000000000000000000000000000000000000000000000000000000000000000000000000000000000000000
00000000000000000000000000000000000000000000000000000000000000000000000000000000000000000000000000000000000000000000000000000000
00000000010101100000000000100111111111111111111111111111101100000000000000000011111111111101101111111111110010100000000000011011
00000000001110110000000000000001000000000000000111111111110011110000000000001101111111111110100011111111110110000000000000101001
00000000000101110000000000000000000000000000010111111111111111011111111111011111000000000000000111111111110010110000000000000010
11111111111110000000000000001111000000000000011100000000000001101111111111111011000000000000100111111111111101100000000000000011
00000000000000000000000000000000000000000000000000000000000000000000000000000000000000000000000000000000000000000000000000000000
00000000000000000000000000000000000000000000000000000000000000000000000000000000000000000000000000000000000000000000000000000000
00000000010010000000000001001000111111111111110111111111101100001111111111111010111111111101111111111111110111011111111111111010
00000000001001010000000000011001111111111111110111111111110110111111111111111101111111111110111011111111111011101111111111111111
00000000000001100000000000111000111111111111111011111111111100101111111111100100111111111111110011111111111110101111111111010100
11111111111110100000000000110001000000000000001011111111111110101111111111101111000000000000010000000000000000011111111111100001
00000000000000000000000000000000000000000000000000000000000000000000000000000000000000000000000000000000000000000000000000000000
00000000000000000000000000000000000000000000000000000000000000000000000000000000000000000000000000000000000000000000000000000000
00000000000110010000000001011110000000000000000111111111110110011111111111011111111111111111100011111111111100111111111111001100
00000000000111000000000000111011000000000000000011111111110111101111111111101100111111111111011011111111111100111111111111100011
00000000000001100000000000111111000000000000000011111111111110001111111111010101111111111111111011111111111010111111111111001101
11111111111110110000000001001110000000000000010011111111111100011111111111101010000000000000010100000000000000001111111111010110
00000000000000000000000000000000000000000000000000000000000000000000000000000000000000000000000000000000000000000000000000000000
00000000000000000000000000000000000000000000000000000000000000000000000000000000000000000000000000000000000000000000000000000000
00000000000000000000000000000000000000000000000000000000000000000000000000000000000000000000000000000000000000000000000000000000
00000000000000000000000000000000000000000000000000000000000000000000000000000000000000000000000000000000000000000000000000000000
00000000000000000000000000000000000000000000000000000000000000000000000000000000000000000000000000000000000000000000000000000000
00000000000000000000000000000000000000000000000000000000000000000000000000000000000000000000000000000000000000000000000000000000
00000000000000000000000000000000000000000000000000000000000000000000000000000000000000000000000000000000000000000000000000000000
00000000000000000000000000000000000000000000000000000000000000000000000000000000000000000000000000000000000000000000000000000000
00000000000000000000000000000000000000000000000000000000000000000000000000000000000000000000000000000000000000000000000000000000
00000000000000000000000000000000000000000000000000000000000000000000000000000000000000000000000000000000000000000000000000000000
00000000000000000000000000000000000000000000000000000000000000000000000000000000000000000000000000000000000000000000000000000000
00000000000000000000000000000000000000000000000000000000000000000000000000000000000000000000000000000000000000000000000000000000
00000000000000000000000000000000000000000000000000000000000000000000000000000000000000000000000000000000000000000000000000000000
00000000000000000000000000000000000000000000000000000000000000000000000000000000000000000000000000000000000000000000000000000000
11111111111110101111111111010111000000000000011111111111111010000000000000010001000000000100100100000000010001100000000000101010
11111111111101001111111111010001000000000000011111111111111101110000000000000111000000000011110000000000001110110000000000101101
11111111101100111111111111100110000000000011001100000000001100110000000000010001000000000011011100000000001110110000000001010000
11111111110110010000000000000001000000000001110000000000001001000000000000001111000000000001110100000000001010100000000000100100
00000000000000000000000000000000000000000000000000000000000000000000000000000000000000000000000000000000000000000000000000000000
00000000000000000000000000000000000000000000000000000000000000000000000000000000000000000000000000000000000000000000000000000000
00000000001010011111111110111010111111111101111111111111110111001111111111111110000000000110100000000000011100000000000000101110
00000000001100011111111111011111111111111101000111111111110100111111111111111111000000000100100100000000001111110000000000010101
11111111111010110000000000000000111111111111011100000000000101000000000000000100000000000011111000000000001010100000000000111110
11111111111111010000000000010100111111111111011100000000000010100000000000001000000000000001001000000000000011100000000000001100
00000000000000000000000000000000000000000000000000000000000000000000000000000000000000000000000000000000000000000000000000000000
00000000000000000000000000000000000000000000000000000000000000000000000000000000000000000000000000000000000000000000000000000000
00000000000011001111111110101110000000000000011011111111111101101111111111111111000000000101000000000000011100000000000000101011
00000000000001111111111111010111000000000000000111111111111110011111111111111101000000000010010100000000001100010000000000010101
11111111110101001111111111100010000000000010110000000000001011100000000000000000000000000000111000000000001010100000000000100100
11111111111000011111111111110110000000000001111100000000001000100000000000000101000000000000011000000000000111000000000000010011
00000000000000000000000000000000000000000000000000000000000000000000000000000000000000000000000000000000000000000000000000000000
00000000000000000000000000000000000000000000000000000000000000000000000000000000000000000000000000000000000000000000000000000000
11111111110100011111111111001001000000000011010000000000001100110000000000000111000000000010011000000000010101110000000000101111
11111111111010001111111111010010000000000001110100000000000110100000000000000100000000000010000100000000010000100000000000100000
11111111110001011111111111101000000000000010110100000000010000100000000000000001000000000010000000000000001110000000000000111101
11111111110110001111111111101111000000000010101000000000001011010000000000001001000000000000111100000000001100010000000000011011
00000000000000000000000000000000000000000000000000000000000000000000000000000000000000000000000000000000000000000000000000000000
00000000000000000000000000000000000000000000000000000000000000000000000000000000000000000000000000000000000000000000000000000000
00000000000000000000000000000000000000000000000000000000000000000000000000000000000000000000000000000000000000000000000000000000
00000000000000000000000000000000000000000000000000000000000000000000000000000000000000000000000000000000000000000000000000000000
00000000000000000000000000000000000000000000000000000000000000000000000000000000000000000000000000000000000000000000000000000000
00000000000000000000000000000000000000000000000000000000000000000000000000000000000000000000000000000000000000000000000000000000
00000000000000000000000000000000000000000000000000000000000000000000000000000000000000000000000000000000000000000000000000000000
00000000000000000000000000000000000000000000000000000000000000000000000000000000000000000000000000000000000000000000000000000000
00000000000000000000000000000000000000000000000000000000000000000000000000000000000000000000000000000000000000000000000000000000
00000000000000000000000000000000000000000000000000000000000000000000000000000000000000000000000000000000000000000000000000000000
00000000000000000000000000000000000000000000000000000000000000000000000000000000000000000000000000000000000000000000000000000000
00000000000000000000000000000000000000000000000000000000000000000000000000000000000000000000000000000000000000000000000000000000
00000000000000000000000000000000000000000000000000000000000000000000000000000000000000000000000000000000000000000000000000000000
00000000000000000000000000000000000000000000000000000000000000000000000000000000000000000000000000000000000000000000000000000000
00000000000111110000000001100101000000000011110100000000000100010000000001011101000000000010100011111111111010010000000000010001
00000000000011110000000001000001000000000010101000000000000100100000000000111101000000000001011011111111111100110000000000000101
11111111111001110000000001100101000000000101011000000000011011100000000001010111111111111111000000000000001011110000000000110011
11111111111111000000000001011100000000000100011000000000010011100000000001001001111111111111011000000000001011100000000000111001
00000000000000000000000000000000000000000000000000000000000000000000000000000000000000000000000000000000000000000000000000000000
00000000000000000000000000000000000000000000000000000000000000000000000000000000000000000000000000000000000000000000000000000000
00000000001111010000000010000101000000000010110111111111111010110000000001100010000000000011100011111111110011110000000000001010
00000000001010110000000001001101000000000000011111111111110111010000000000111101000000000011111111111111110000011111111111101101
11111111111011100000000001010101000000000001100000000000001110010000000000111111000000000001100111111111111011110000000000000101
11111111111111010000000000110001000000000001010100000000001000110000000000101000000000000000111000000000000001110000000000010000
00000000000000000000000000000000000000000000000000000000000000000000000000000000000000000000000000000000000000000000000000000000
00000000000000000000000000000000000000000000000000000000000000000000000000000000000000000000000000000000000000000000000000000000
00000000001110100000000001111110000000000100100000000000000000000000000001011001000000000000111000000000000000000000000000101101
00000000000110010000000000110001000000000001100111111111111110010000000000100001000000000000011111111111111110010000000000001101
11111111111111000000000000111000000000000011100000000000001110000000000000100000111111111101011000000000001110000000000000111000
11111111111111110000000000110001000000000011000100000000001100010000000000100001111111111110010000000000001100010000000000110001
00000000000000000000000000000000000000000000000000000000000000000000000000000000000000000000000000000000000000000000000000000000
00000000000000000000000000000000000000000000000000000000000000000000000000000000000000000000000000000000000000000000000000000000
00000000000100100000000001110000000000000110100100000000010011110000000001010001111111111101011000000000010101000000000001011001
00000000000100110000000001001101000000000100011000000000001011000000000000111010111111111110101100000000001100010000000000110110
11111111111011110000000001011011000000000100010100000000010110110000000000110111111111111101011000000000001111110000000001000011
00000000000001100000000001010100000000000100111000000000010001100000000000111011111111111101110100000000010001100000000001001011
00000000000000000000000000000000000000000000000000000000000000000000000000000000000000000000000000000000000000000000000000000000
00000000000000000000000000000000000000000000000000000000000000000000000000000000000000000000000000000000000000000000000000000000
00000000000000000000000000000000000000000000000000000000000000000000000000000000000000000000000000000000000000000000000000000000
00000000000000000000000000000000000000000000000000000000000000000000000000000000000000000000000000000000000000000000000000000000
00000000000000000000000000000000000000000000000000000000000000000000000000000000000000000000000000000000000000000000000000000000
00000000000000000000000000000000000000000000000000000000000000000000000000000000000000000000000000000000000000000000000000000000
00000000000000000000000000000000000000000000000000000000000000000000000000000000000000000000000000000000000000000000000000000000
00000000000000000000000000000000000000000000000000000000000000000000000000000000000000000000000000000000000000000000000000000000
00000000000000000000000000000000000000000000000000000000000000000000000000000000000000000000000000000000000000000000000000000000
00000000000000000000000000000000000000000000000000000000000000000000000000000000000000000000000000000000000000000000000000000000
00000000000000000000000000000000000000000000000000000000000000000000000000000000000000000000000000000000000000000000000000000000
00000000000000000000000000000000000000000000000000000000000000000000000000000000000000000000000000000000000000000000000000000000
00000000000000000000000000000000000000000000000000000000000000000000000000000000000000000000000000000000000000000000000000000000
00000000000000000000000000000000000000000000000000000000000000000000000000000000000000000000000000000000000000000000000000000000
11111111110110000000000000000101111111111111010111111111110100101111111111101111000000000001100011111111111010110000000000100101
11111111111000101111111111100101111111111110011011111111110011011111111111011110000000000001100011111111111101010000000000011111
11111111110001011111111110110001111111111111110011111111110100101111111111001000000000000101010100000000000110000000000000100111
11111111110101101111111111110110000000000000100111111111111110001111111111101101000000000011101100000000000011010000000000100101
00000000000000000000000000000000000000000000000000000000000000000000000000000000000000000000000000000000000000000000000000000000
00000000000000000000000000000000000000000000000000000000000000000000000000000000000000000000000000000000000000000000000000000000
11111111110110100000000000100011111111111011111011111111101101101111111111010100000000000001001111111111110001100000000001001110
11111111111010000000000000100011111111111101111111111111110101111111111111101011111111111111110111111111110001100000000000100101
11111111110011101111111111010011111111111111100111111111110111001111111111001011000000000011101011111111111001100000000000011011
11111111111001100000000000000111000000000001000000000000000010001111111111111010000000000001101111111111111101100000000000001100
00000000000000000000000000000000000000000000000000000000000000000000000000000000000000000000000000000000000000000000000000000000
00000000000000000000000000000000000000000000000000000000000000000000000000000000000000000000000000000000000000000000000000000000
11111111111000110000000000011100111111111011100111111111101110011111111111011001000000000001110011111111111010100000000001010111
11111111111101100000000000000111111111111101101111111111110110111111111111101011000000000000100111111111111101000000000000100101
11111111111011101111111111100100111111111110010011111111111001001111111111100000000000000011000000000000000111000000000000101100
11111111111011111111111111111001111111111111100111111111111110011111111111110011000000000010010100000000000101100000000000011111
00000000000000000000000000000000000000000000000000000000000000000000000000000000000000000000000000000000000000000000000000000000
00000000000000000000000000000000000000000000000000000000000000000000000000000000000000000000000000000000000000000000000000000000
11111111110111001111111111110010111111111101011011111111110101111111111111011000000000000100001100000000001000010000000001001111
11111111111010001111111111111001111111111101110111111111110111101111111111100011000000000010100000000000000100010000000000111000
11111111110110011111111111001111111111111110001111111111110110111111111111001001000000000100111100000000000110000000000000111001
11111111111001001000000000000000111111111111010111111111111101011111111111101111000000000011011000000000000111000000000000110011
00000000000000000000000000000000000000000000000000000000000000000000000000000000000000000000000000000000000000000000000000000000
00000000000000000000000000000000000000000000000000000000000000000000000000000000000000000000000000000000000000000000000000000000
00000000000000000000000000000000000000000000000000000000000000000000000000000000000000000000000000000000000000000000000000000000
00000000000000000000000000000000000000000000000000000000000000000000000000000000000000000000000000000000000000000000000000000000
00000000000000000000000000000000000000000000000000000000000000000000000000000000000000000000000000000000000000000000000000000000
00000000000000000000000000000000000000000000000000000000000000000000000000000000000000000000000000000000000000000000000000000000
00000000000000000000000000000000000000000000000000000000000000000000000000000000000000000000000000000000000000000000000000000000
00000000000000000000000000000000000000000000000000000000000000000000000000000000000000000000000000000000000000000000000000000000
00000000000000000000000000000000000000000000000000000000000000000000000000000000000000000000000000000000000000000000000000000000
00000000000000000000000000000000000000000000000000000000000000000000000000000000000000000000000000000000000000000000000000000000
00000000000000000000000000000000000000000000000000000000000000000000000000000000000000000000000000000000000000000000000000000000
00000000000000000000000000000000000000000000000000000000000000000000000000000000000000000000000000000000000000000000000000000000
00000000000000000000000000000000000000000000000000000000000000000000000000000000000000000000000000000000000000000000000000000000
00000000000000000000000000000000000000000000000000000000000000000000000000000000000000000000000000000000000000000000000000000000
00000000001010001111111111111001000000000101101111111111111010010000000000001011000000000001001011111111101100010000000000010100
00000000000011001111111111110011000000000100001011111111111010111111111111111110000000000000011111111111110001010000000000011011
11111111111100010000000000111011000000000100101011111111111001001111111111101011111111111101000111111111101111010000000000011011
00000000000011110000000000111010000000000011000011111111111111111111111111111101111111111110010111111111110011001000000000000000
00000000000000000000000000000000000000000000000000000000000000000000000000000000000000000000000000000000000000000000000000000000
00000000000000000000000000000000000000000000000000000000000000000000000000000000000000000000000000000000000000000000000000000000
00000000001101111111111111011001000000000110101111111111111111100000000000010010000000000011001111111111100010110000000000100000
00000000001101111111111111001011000000000100100111111111111101000000000000010011000000000011000011111111101111010000000000000111
00000000000010100000000000001010000000000100010111111111111000001111111111111000111111111111001011111111110010100000000000000110
00000000000110110000000000010001000000000001101111111111111110100000000000000100111111111111100111111111111010111111111111101110
00000000000000000000000000000000000000000000000000000000000000000000000000000000000000000000000000000000000000000000000000000000
00000000000000000000000000000000000000000000000000000000000000000000000000000000000000000000000000000000000000000000000000000000
00000000000111000000000000000000000000000101011000000000000100100000000000001010000000000001111111111111100011100000000000101110
00000000000001111111111111111001000000000010010100000000000001100000000000000011000000000001000011111111110011110000000000011001
11111111111001000000000000111000000000000001010000000000000100001111111111110010111111111110010011111111110101000000000000011110
11111111111110010000000000110001000000000000111100000000000011101111111111111010111111111110101011111111111000010000000000001010
00000000000000000000000000000000000000000000000000000000000000000000000000000000000000000000000000000000000000000000000000000000
00000000000000000000000000000000000000000000000000000000000000000000000000000000000000000000000000000000000000000000000000000000
11111111111110110000000001000110000000000011001100000000000110111111111111110110111111111110011011111111101010100000000000100011
00000000000000100000000000100011000000000010100000000000000100011111111111111011111111111111011011111111110000010000000000011010
11111111111000110000000001001001000000000010100100000000000010001111111111101100111111111101011011111111110000010000000000011110
10000000000000000000000001000110000000000001111000000000000101101111111111111011111111111110010111111111110010100000000000001101
00000000000000000000000000000000000000000000000000000000000000000000000000000000000000000000000000000000000000000000000000000000
00000000000000000000000000000000000000000000000000000000000000000000000000000000000000000000000000000000000000000000000000000000
00000000000000000000000000000000000000000000000000000000000000000000000000000000000000000000000000000000000000000000000000000000
00000000000000000000000000000000000000000000000000000000000000000000000000000000000000000000000000000000000000000000000000000000
00000000000000000000000000000000000000000000000000000000000000000000000000000000000000000000000000000000000000000000000000000000
00000000000000000000000000000000000000000000000000000000000000000000000000000000000000000000000000000000000000000000000000000000
00000000000000000000000000000000000000000000000000000000000000000000000000000000000000000000000000000000000000000000000000000000
00000000000000000000000000000000000000000000000000000000000000000000000000000000000000000000000000000000000000000000000000000000
00000000000000000000000000000000000000000000000000000000000000000000000000000000000000000000000000000000000000000000000000000000
00000000000000000000000000000000000000000000000000000000000000000000000000000000000000000000000000000000000000000000000000000000
00000000000000000000000000000000000000000000000000000000000000000000000000000000000000000000000000000000000000000000000000000000
00000000000000000000000000000000000000000000000000000000000000000000000000000000000000000000000000000000000000000000000000000000
00000000000000000000000000000000000000000000000000000000000000000000000000000000000000000000000000000000000000000000000000000000
00000000000000000000000000000000000000000000000000000000000000000000000000000000000000000000000000000000000000000000000000000000
11111111110100100000000000010101000000000010000100000000000000010000000000001101000000000001100000000000000001000000000000011000
11111111110111000000000000010101000000000000110000000000000000000000000000000010000000000000101000000000000001000000000000000100
00000000000000010000000000001001000000000010011000000000001001010000000000001101000000000000011000000000001100110000000000001101
00000000000011111111111111110111000000000010011100000000000101010000000000001001000000000000111000000000001100010000000000100111
00000000000000000000000000000000000000000000000000000000000000000000000000000000000000000000000000000000000000000000000000000000
00000000000000000000000000000000000000000000000000000000000000000000000000000000000000000000000000000000000000000000000000000000
11111111101110010000000000100100000000000000010011111111111000101111111111110000000000000010010000000000000000110000000000101101
11111111101111010000000000001001000000000000000111111111111011001111111111110101000000000001110111111111111010110000000000011001
11111111110111001111111111111001000000000000111100000000000110111111111111111110000000000001001100000000000011010000000000001101
11111111111111011111111111100110000000000001011000000000000011100000000000000010000000000000111000000000000011110000000000011001
00000000000000000000000000000000000000000000000000000000000000000000000000000000000000000000000000000000000000000000000000000000
00000000000000000000000000000000000000000000000000000000000000000000000000000000000000000000000000000000000000000000000000000000
11111111111000000000000000110101000000000000011111111111111000001111111111110100000000000001100000000000001000000000000000110000
11111111111011010000000000011101111111111111110111111111111100001111111111111001000000000000100100000000000010010000000000001111
00000000000111000000000000011100000000000000100000000000000001001111111111111110111111111111111000000000001101000000000000010100
00000000000110110000000000000111000000000001000100000000000001100000000000000010000000000000001000000000001010110000000000011001
00000000000000000000000000000000000000000000000000000000000000000000000000000000000000000000000000000000000000000000000000000000
00000000000000000000000000000000000000000000000000000000000000000000000000000000000000000000000000000000000000000000000000000000
00000000001000010000000000011011000000000001101011111111111111001111111111111100000000000000011000000000010011110000000000110001
00000000000011100000000000010100000000000000111111111111111110001111111111111011000000000000010100000000001100000000000000100000
00000000000110010000000000010101000000000000111100000000000100101111111111111100000000000000010000000000010000110000000000011101
00000000001001000000000000001001000000000001110100000000000001100000000000000011000000000000011100000000010000000000000000101100
00000000000000000000000000000000000000000000000000000000000000000000000000000000000000000000000000000000000000000000000000000000
00000000000000000000000000000000000000000000000000000000000000000000000000000000000000000000000000000000000000000000000000000000
00000000000000000000000000000000000000000000000000000000000000000000000000000000000000000000000000000000000000000000000000000000
00000000000000000000000000000000000000000000000000000000000000000000000000000000000000000000000000000000000000000000000000000000
00000000000000000000000000000000000000000000000000000000000000000000000000000000000000000000000000000000000000000000000000000000
00000000000000000000000000000000000000000000000000000000000000000000000000000000000000000000000000000000000000000000000000000000
00000000000000000000000000000000000000000000000000000000000000000000000000000000000000000000000000000000000000000000000000000000
00000000000000000000000000000000000000000000000000000000000000000000000000000000000000000000000000000000000000000000000000000000
00000000000000000000000000000000000000000000000000000000000000000000000000000000000000000000000000000000000000000000000000000000
00000000000000000000000000000000000000000000000000000000000000000000000000000000000000000000000000000000000000000000000000000000
00000000000000000000000000000000000000000000000000000000000000000000000000000000000000000000000000000000000000000000000000000000
00000000000000000000000000000000000000000000000000000000000000000000000000000000000000000000000000000000000000000000000000000000
00000000000000000000000000000000000000000000000000000000000000000000000000000000000000000000000000000000000000000000000000000000
00000000000000000000000000000000000000000000000000000000000000000000000000000000000000000000000000000000000000000000000000000000
00000000000011011111111111100000111111111101000111111111111100101111111111101001111111111100011011111111111001111111111111011110
00000000000111101111111111101011111111111101101111111111111100011111111111101010111111111101001011111111111010011111111111011011
00000000000111100000000000000101111111111110001011111111111110001111111111010101111111111110001011111111110110001111111111001110
00000000000000111111111111110010111111111101111000000000000010001111111111100000111111111110110011111111111010001111111111101101
00000000000000000000000000000000000000000000000000000000000000000000000000000000000000000000000000000000000000000000000000000000
00000000000000000000000000000000000000000000000000000000000000000000000000000000000000000000000000000000000000000000000000000000
00000000001110101111111110111000111111111001100111111111111101101111111111011011111111111010100011111111110111011111111111011011
00000000000111111111111111000101111111111011100011111111111101101111111111101000111111111100000111111111111010001111111111110111
00000000001001101111111111101111111111111100110011111111111110001111111111010100111111111101110111111111110101001111111111110000
11111111111111001111111111101010111111111110001100000000000001101111111111101001111111111111001011111111111011110000000000000111
00000000000000000000000000000000000000000000000000000000000000000000000000000000000000000000000000000000000000000000000000000000
00000000000000000000000000000000000000000000000000000000000000000000000000000000000000000000000000000000000000000000000000000000
00000000001101011111111111001110111111111010111111111111111111011111111111100101111111111011101011111111111010011111111111001100
00000000000111011111111111101101111111111101111011111111111111001111111111110110111111111110000111111111111101101111111111100111
00000000000111000000000000001010111111111111000000000000000001101111111111110000111111111111101011111111111101001111111111011100
00000000000001110000000000000000111111111111001000000000000010011111111111110010111111111111110011111111111110001111111111101101
00000000000000000000000000000000000000000000000000000000000000000000000000000000000000000000000000000000000000000000000000000000
00000000000000000000000000000000000000000000000000000000000000000000000000000000000000000000000000000000000000000000000000000000
00000000001000101111111111101011111111111100111000000000000010111111111111011111111111111101111011111111111011001111111111001010
00000000000110111111111111101010111111111101100000000000000001011111111111101001111111111110000111111111111100101111111111011001
00000000001010110000000000000110111111111101110000000000000001111111111111011100111111111111001011111111111000101111111111010111
00000000000010011111111111110111111111111110001100000000000011101111111111101001111111111111001111111111111100111111111111100100
00000000000000000000000000000000000000000000000000000000000000000000000000000000000000000000000000000000000000000000000000000000
00000000000000000000000000000000000000000000000000000000000000000000000000000000000000000000000000000000000000000000000000000000
00000000000000000000000000000000000000000000000000000000000000000000000000000000000000000000000000000000000000000000000000000000
00000000000000000000000000000000000000000000000000000000000000000000000000000000000000000000000000000000000000000000000000000000
00000000000000000000000000000000000000000000000000000000000000000000000000000000000000000000000000000000000000000000000000000000
00000000000000000000000000000000000000000000000000000000000000000000000000000000000000000000000000000000000000000000000000000000
00000000000000000000000000000000000000000000000000000000000000000000000000000000000000000000000000000000000000000000000000000000
