#col0row7[msb-lsb],col0row6[msb-lst],....,col0row0[msb-lst]#
#col1row7[msb-lsb],col1row6[msb-lst],....,col1row0[msb-lst]#
#................#
10101110010000100010011110010100
11111001011111100110000011011101
10010000011010101110110011000101
01101101100101000011101100011110
00001001010100111110010101100001
11100000010100001110111111011011
11101011000000000010100111000011
11111001011000010111011100100001
00111100101101110111001000111101
00110000011010110100011001001101
01111010011000000010000000111001
00000101110101101111110011101001
10111111000001010001111111010010
11000100110111111100111000001011
00001011010000010001000010111111
11001011011011100001000001111111
11100101000001011110010011101001
01011101001110111111110101000100
00111001010100000111010000010010
00101001001000110110110001001010
00000010010000010010111010110000
10111011000010110110001010100010
00110001000100011111110000101110
10010000011101001011000001010110
11111001110011101100110011110000
00011110101000000101001111100011
01001101011111011011011010100110
11111101000011101011110100110111
01110110100111101010100110110110
10110101011001000011101111001110
11000010111000101101000001011100
00010000011011101100010101001011
00011011111111011011000010111010
01110000110100110000101100110011
11000011111110010000101001000011
10101110001000100001001101000110
11110000011010110101110111101010
11010011001000001101010010110111
10111001111000111011010001000110
11101001001010111101000100000010
10101100110000011101011011110110
10010011111101111011110010110101
10110000010000001001111100111110
11111111000110111001011011110000
01010010110001000000111110101111
00000010001100101001001101110111
01101111101101010000001100000010
00110101101111010011100110100101
10100010110011110010011000001010
11001010101111101001111001100010
01011010001101100110001010100100
01110111011101111110101110010100
00000001001010111011101001101101
00100001110010100110110100001100
11001011000101000110011101011010
00111101111110101011000011010001
00010001100101101010011100010001
10111001110110011111000010111101
10011001110010101101101010011111
00000101000100100101001011101010
00001100011001000101101000000010
00000010000111110100011001010010
10111001110100010001101101001011
01011001101101110110010000100100
10100111101001101111100111000111
10011001110001110101101111111100
01100100000110101001000111000110
11110100010010110011100111101011
00110100101101011011001010101100
10100111111111010010001001000010
11100011001100010000101100100100
10010101000010111010001001010001
