#kij0och7[msb-lsb],kij0och6[msb-lst],....,kij0och0[msb-lst]#
#kij1och7[msb-lsb],kij1och6[msb-lst],....,kij1och0[msb-lst]#
#................#
00100111110111011110011100111001
00100111100110010111000100111110
00101001000101000101000100101111
00010111111101110000001000101101
00100111110110111110111100110111
00100111111111110100101100100001
00010111111111000001001000011010
00010001110000000011110000010111
00011001110100111111110000010011
00000111001110010001100100010010
00000010111011110011010000010011
00011110111110011101100100010011
00000111001100000111000000000000
00000111011110011001110100000111
00000100010110011010001100000010
00001001001111101001111100001111
00000111000011101101110000000101
00001110000110011111000100010000
11110010111110010111110011111101
00001101000001110001111011111111
00001110111100011101011000000100
11110011000001110111001111111110
11111001000001110111010011110000
00000111111001111101111000000011
00001100111111100111000000001110
00001111110000110011000011110010
00001111110011011001111000000000
00001110000111011110000000001011
00001001000011101101110100000111
00001011111011010011101100010001
00001111000100000000010100000011
00000011000101010110011100000111
00001001111010010000010100010101
00001101111011110011000100000010
00001111111011111111011100000010
00001110111010011111001100011110
00001001000010011001110000000110
11110111011001111001111100001111
00001101111101011001110000000010
00000111111100101001101000000010
11110111001001111001000100000111
00001001111111111100111000000111
00000010111110010000100100000010
00000000111001101100001100000010
00000000111111111111110000000011
00011100000010011110001000100000
00001100000010100011001000010000
11111111000000010000001000000010
00010111111110011011011100100001
00000111010011000001011100100111
11111001111000111100011100010111
00100011111001110111011100100001
00011111000000010000011100100111
00001110111110011001011100011110
00000000100111010001111100000111
00001001100100000111000000000111
00000111100110010001111000000111
00001001100101111011110100010110
00000111100101110111000100010111
00001001100110010111110100010111
00000111100111101001111100010111
00010111100110010010001100011001
00010011100111011001010000011100
00000111000100100111110000000010
00001010010010010101111011111100
00000011011100000111001100001010
00001001000000000111101011111111
00001111000110100111000100000001
00001110000010011111111000001101
00001001001000110111001000000111
00000011001010011001110000000101
00000111000001000010100100001001
